time,x,y,z,phi,theta,psi,x_velocity,y_velocity,z_velocity,phi_velocity,theta_velocity,psi_velocity,rotor_speed1,rotor_speed2,rotor_speed3,rotor_speed4
0.06,-2.342924619524418e-06,3.7310684809481506e-06,9.999805152355451,0.000961527095488357,0.0005713792211592406,0.0,-0.00013562459726297694,0.00021764927679421612,-0.006494980125412102,-0.012008512250639734,-0.009566955343833006,0.0,402.05866842843426,401.1911027545999,402.30912688990577,401.2205248390954
0.12000000000000001,-2.130152391008729e-05,4.9085475397236e-05,10.00502756467083,0.003564294110664612,6.283176348327958,0.0,-0.00043006809806487873,0.001571626108330128,0.18056328211525124,0.006797281806982148,-0.009942803857485258,0.0,464.31432589881194,464.28489721897415,462.3609934714428,463.83993388892
0.18,-4.6157540009305744e-05,0.00022466652835171472,10.01688311753718,0.007467638907980856,6.283053629406805,0.0,-0.0003812087325878971,0.004661118346805002,0.21461381167960947,-0.014918541866515068,-0.0035072221141982645,0.0,415.9610596164529,416.52426745593766,415.69575086278377,413.7887907155677
0.23999999999999996,-6.497289093706615e-05,0.0006965862644020835,10.036146379458573,0.010654429164367762,6.282867889849328,0.0,-0.00022286051920759976,0.011422516156385319,0.42743595155583647,0.0060460513927149,-0.0026088061907014216,0.0,470.83490835693146,470.9044626759753,471.16331756743745,472.78117341792154
0.3,-9.738004966557622e-05,0.0016125788022313945,10.065642189645763,0.011005381133428749,0.006625161874088015,0.0,-0.0015648727613005657,0.01914865310439879,0.5557017046658476,0.004695804246407797,0.025403078653022715,0.0,444.5801933701974,446.8690506352913,446.33735836796114,446.22706857790246
0.36000000000000004,-0.00036306612662665653,0.00303224343862348,10.105459612287143,0.011989863666450162,0.009469855010996397,0.0,-0.0076157882621357,0.02830182710956382,0.7714207887865094,-0.0057652318341432,0.036848156955476885,0.0,472.1895721710418,473.0717475966608,472.9025941439453,472.0962117931671
0.4200000000000001,-0.0010429298204350718,0.00500795257540523,10.155350808993227,0.0173055558373294,0.014615680784211271,0.0,-0.015606748968146563,0.0381406283892551,0.8915179872852652,-0.033058037181242374,0.016842891337749483,0.0,444.91966608290244,443.279304432274,444.80173635929015,442.561311185963
0.48000000000000015,-0.002297309891932754,0.007659987760877216,10.212644096308589,0.01531397658999012,0.015638737168061745,0.0,-0.02631587341736445,0.050049612172053864,1.0181551848013664,-0.03494286161120699,0.013928780386113759,0.0,446.72293956758153,446.4851883848407,445.7686085737043,445.61412571014927
0.5400000000000001,-0.004152705746626829,0.010927947379392596,10.273574640618767,0.014203667625971583,0.016483125431988377,0.0,-0.03560342516872428,0.0587968509383779,1.0128675999622432,-0.04708802485227295,0.014303375394064377,0.0,402.6916762189385,402.72546684781634,404.30660655618954,403.21006791904665
0.6000000000000002,-0.006662671520264267,0.0147678509748496,10.339128671702362,0.012812987471194859,0.017433107744823317,0.0,-0.04816233292217743,0.06903035709031086,1.1721170331267223,-0.03511279830484532,0.016632316350485236,0.0,455.7934505657935,455.97940929873175,456.4506499002605,457.4042289077878
0.6600000000000003,-0.009941947925451741,0.019181839431095766,10.413579306931464,0.011006988015026309,0.020045152384776443,0.0,-0.061411473367173494,0.07791417708069452,1.3094203475414277,-0.042439383074876845,0.029401238033754322,0.0,448.509941417923,449.5456885708231,451.28882846386495,450.6964727394008
0.7200000000000003,-0.014168989844741381,0.024117134741872326,10.499221140165954,0.008449948658436846,0.030677011158324774,0.0,-0.08074318708679991,0.08628093361580257,1.544991874381453,-0.04324038818412793,0.06084417158019791,0.0,477.59383045446685,479.98654979046205,480.71203600386247,480.65048997634113
0.7800000000000004,-0.01981885688349471,0.029493281120956522,10.599088688628832,0.0063162728834376125,0.040522781994202894,0.0,-0.10874907722050081,0.09265152836969222,1.783545993004775,-0.03690865687926694,0.0869357920102983,0.0,480.4617556311527,482.43900354052926,480.86269468597385,481.3413054371676
0.8400000000000004,-0.0273907790207049,0.03519390720414851,10.712348253377037,0.004302264852406701,0.05742528584024331,0.0,-0.14567309216543356,0.0971244786187654,1.991337945378148,-0.03305890391130872,0.04826797502365544,0.0,474.21472726330995,471.2393671561794,473.39814702429544,473.69378687317277
0.9000000000000005,-0.03742633844741038,0.041119495278131385,10.836433938110329,0.004657670433519279,0.06094698968325307,0.0,-0.18922756757494433,0.10045262927775009,2.144548425852317,-0.05105533409953017,0.03832040898825378,0.0,457.69405127675105,456.9028189990136,458.7387508434163,457.30683335676076
0.9600000000000005,-0.050248838025808006,0.04728776428471384,10.971342111073342,0.010913890192361997,0.06339120315298619,0.0,-0.23844909025997926,0.10593302273804249,2.351957288745726,-0.08571889924157534,0.04146061601804465,0.0,475.0099790278011,475.2513861390412,475.22280109346553,472.55577158958005
1.0200000000000005,-0.06574907784929447,0.053829281973777364,11.113452999180188,0.0057828542074123135,0.06591362212175866,0.0,-0.27845768986728403,0.11164312987316682,2.384987902479765,-0.08521854143610949,0.0378909364105411,0.0,421.3577269466155,421.04995479792603,420.9733414983376,421.0101647344948
1.0800000000000005,-0.08377998791550718,0.06062823850707222,11.25876439031892,0.0021330417744840346,0.06908417119320909,0.0,-0.3228654194143287,0.11461759586214611,2.4585444711176008,-0.07311351558723343,0.047135412769257784,0.0,433.68611081557634,434.4628049843169,434.44853482316546,435.4567943342338
1.1400000000000006,-0.10469276426428066,0.06753675341438362,11.410658601464709,6.281476727985277,0.07285211302015249,0.0,-0.37460559295563145,0.11525779336203784,2.604238613136241,-0.08249101867605657,0.05662244556546893,0.0,457.3072039735743,458.06377194317906,457.6803438621517,456.92897872218515
1.2000000000000006,-0.12879144132613704,0.07440320462064608,11.57124091170366,6.278535757204718,0.07669918049993463,0.0,-0.4290873732424292,0.11332384680049869,2.748126519159268,-0.09926270085986483,0.04797853520832587,0.0,457.59510366515417,456.9083288119308,458.8204885372781,457.48081166311215
1.2600000000000007,-0.1560408679382828,0.08109241516297995,11.737558990169362,6.272598985616817,0.08613757965734425,0.0,-0.4801354211536416,0.10909400917934928,2.7956032849116714,-0.10239217696058776,0.01869626071373441,0.0,429.25838382293585,426.76710105647874,428.36755616719887,428.0922494768534
1.3200000000000007,-0.18667931073324837,0.0874002209913312,11.908750928211656,6.269417995826554,0.08725338513094538,0.0,-0.5412433041937789,0.10081989088580348,2.910480631971225,-0.08469976942007093,0.016645496861802323,0.0,450.55337412191227,450.38747199998954,448.8161558708657,450.2419653173029
1.3800000000000008,-0.22126084486877143,0.0931191773019039,12.089714026151869,6.270010160968335,0.08825043947953048,0.0,-0.6115484413785995,0.08986136997178278,3.1210423678036014,-0.059778613891184,0.016558578952978156,0.0,479.33510673809025,479.3283935855848,478.6611083846065,480.5497115482924
1.4400000000000008,-0.2596680614233103,0.09824857064326796,12.278554238282243,6.267917279503852,0.0901252779028967,0.0,-0.6688732427378006,0.08091060866258383,3.1734505598433214,-0.04753643091951689,0.005004871895289252,0.0,432.9949882238444,432.0217808117203,431.1901906666085,432.2209874520384
1.5000000000000009,-0.30159521746185897,0.10283220691818867,12.4710788232763,6.2771272096912405,0.09050095634394317,0.0,-0.7287219018929938,0.07274506875421966,3.2438251805161147,-0.010672264321367024,0.007043153853215521,0.0,437.74706243807236,437.9165517049108,437.16231390979135,440.22274190291506
1.560000000000001,-0.3470592757795841,0.10708616082218189,12.667110584635571,6.278303558311347,0.091241959385993,0.0,-0.7868188803729927,0.06918034243183861,3.29040899068685,-0.02668588838705821,-0.00045359547544831244,0.0,430.863999550076,430.2296296215445,432.25788112193663,430.9063005212457
1.620000000000001,-0.39589969416036697,0.11114496530629966,12.864591188428754,6.276711953911239,0.09133256434902837,0.0,-0.8412163885659052,0.06597360225808331,3.2922552033918286,-0.02627785482465272,-0.005600481503318817,0.0,416.7290945389828,416.27897823266596,416.7166795297985,416.7521443890437
1.680000000000001,-0.4483162037204596,0.11496499840634172,13.065497897718634,6.276026087343254,0.09244906265413988,0.0,-0.9061103321570914,0.06130420221836135,3.4042717393834425,-0.03788649569115597,-0.020057299908223573,0.0,452.45179657985346,451.28645516767,453.03340812833045,452.09872297381247
1.740000000000001,-0.5042553091438461,0.11855825004185117,13.268534513122441,0.0030150194338833813,0.10295371842852408,0.0,-0.9594233931092896,0.059330695767179586,3.363616977611073,-0.07775372853577571,-0.05875962017878982,0.0,404.5129204595522,401.01169507301944,405.11103429305393,401.507906402278
1.8000000000000012,-0.563716603592114,0.12217615034368122,13.4709993178243,0.0034668804368500616,0.09975801053556488,0.0,-1.0223363721612815,0.06133054531972229,3.3851604003885636,-0.10376336925348136,-0.05355486965809236,0.0,422.78338162826776,423.22919246963306,426.1805083017176,423.9448434816022
1.8600000000000012,-0.6265936429144114,0.12589156674442778,13.671695418564399,6.280509624357126,0.09684267406252989,0.0,-1.0733840063974665,0.062057346062447775,3.3049624038032093,-0.10834492472547058,-0.04865636802858414,0.0,388.90736280929093,389.36377840986927,389.1840755184806,388.74355449137664
1.9200000000000013,-0.6924588650245873,0.12955806252698668,13.86722681921234,6.274283323516745,0.09394219989366448,0.0,-1.1219553293190496,0.05970439358680342,3.2130301609513077,-0.11540816059634294,-0.047930609279747835,0.0,384.4564152061242,384.52334118732114,384.2353150838054,383.55208907377374
1.9800000000000013,-0.7616408564614829,0.13294377612335034,14.061954999670716,6.26812977213277,0.09111145435624834,0.0,-1.1838393177342517,0.0525691482805476,3.2777316573257615,-0.1263019431333797,-0.04651332613799982,0.0,437.1523308833741,437.26901776243506,437.3040268929,436.3825737395785
2.0400000000000014,-0.8344946388532051,0.13577641132183313,14.260670437394674,6.261293601862384,0.08834052103189904,0.0,-1.24435759994496,0.04120005190095081,3.345919118467958,-0.13701465786343192,-0.04966924673174964,0.0,437.3596374346945,437.0952886295989,440.2854543117096,439.3825461229801
2.1000000000000014,-0.9110783571075635,0.13776105952663098,14.465178557726455,6.257072105450421,0.08535004102426402,0.0,-1.308109275403817,0.024495561477866697,3.470647956975426,-0.11627541701558343,-0.05131858633710236,0.0,456.1899740978618,456.0567312043948,456.36441858147765,458.0018787904574
2.1600000000000015,-0.9914018223435281,0.13865556432885084,14.676867386805206,6.251264536545239,0.08233375392967535,0.0,-1.3690180043949638,0.004714467983329035,3.585289049519906,-0.10557167496914703,-0.04952219816180296,0.0,454.5772765944268,454.71964030764883,453.5820703664807,454.4299093562147
2.2200000000000015,-1.075286167977641,0.13827196310657305,14.894922592447363,6.2487328254519845,0.08089086840656368,0.0,-1.4269920490821495,-0.017724263729041696,3.6828916885272682,-0.12816755108284641,-0.06431862454476975,0.0,450.2797234973201,449.0791029321507,450.8509562025725,449.0102298587152
2.2800000000000016,-1.1628375612778101,0.13637713622268033,15.121553618622633,6.242199966597344,0.07794914243801543,0.0,-1.4910391073733844,-0.04615076582317948,3.8708373608922138,-0.14121346980971428,-0.07607971144859726,0.0,477.9656564777338,477.0652668839531,478.556322915361,477.5473888324346
2.3400000000000016,-1.2536973947389867,0.13287904839302164,15.353299117623134,6.23417622516161,0.07710959185953481,0.0,-1.5375977991482521,-0.07112690655416845,3.854032912240468,-0.1498528565649342,-0.09845732215632517,0.0,415.6291989067849,413.65683698687496,415.3911251005867,414.61172300277707
2.4000000000000017,-1.3475715926201692,0.12759167198157714,15.587262935123732,6.229318175927588,0.07131634493714145,0.0,-1.5909757699538583,-0.10561467496371457,3.944471653978722,-0.12875096406702027,-0.1035495689765061,0.0,450.6563708851718,450.2360328798098,447.79717436626083,449.49177851535916
2.4600000000000017,-1.4444082267150513,0.12028011821421898,15.824413538290855,6.230965702836723,0.07383813981791398,0.0,-1.6371800789957065,-0.13797725844015876,3.9604461009664043,-0.0963935542173263,-0.13714805323247756,0.0,427.157826159858,424.2701888592574,425.63877851445073,428.3861049289596
2.520000000000002,-1.5445890269882718,0.11062423807963154,16.07022882428651,6.225404750410938,0.06561937775195403,0.0,-1.7011085330863411,-0.1845375354259156,4.232465666469795,-0.10290084762295698,-0.13997889399957084,0.0,503.43385221882176,503.213738039574,504.42876514669734,503.95151637554636
2.580000000000002,-1.6477625032408427,0.09861615961625383,16.322379929216112,6.219218767462852,0.05845493390256706,0.0,-1.7375121850882078,-0.21623237889284252,4.172824832061221,-0.10400277581191752,-0.1534092006816829,0.0,404.38506950252196,403.15146118451116,402.4634851671531,402.3532294673248
2.640000000000002,-1.7532374515122302,0.08435102166076024,16.574974561575015,6.214259826715667,0.049278718977192604,0.0,-1.777452645466786,-0.2597325716035356,4.2467743674760765,-0.11766094980246894,-0.15681088923424658,0.0,446.31762933815094,446.01741201759984,447.66900468490115,446.545826114878
2.700000000000002,-1.8610632802094933,0.06719451259162088,16.834680909019568,6.2109398944387095,0.040381871502053635,0.0,-1.8157592640945877,-0.31250450524967766,4.4095378047060345,-0.09764354659253302,-0.1500835396893913,0.0,473.6553058358773,474.15150056872045,473.6668684054261,475.19384773693645
2.760000000000002,-1.9709633424591222,0.04686295153458466,17.10317395948999,6.206222231440703,0.0331728806554894,0.0,-1.846813425684836,-0.3656942323661677,4.539739432017591,-0.08708168484298949,-0.13655477881586184,0.0,464.4693811228869,465.5104995374416,465.8211987735599,466.6394168472938
2.820000000000002,-2.0825330713230206,0.023371534023837605,17.37782614092924,6.202442322659408,0.0274609039124023,0.0,-1.8716568640790539,-0.4176899250848045,4.615039160972449,-0.10150498733747637,-0.15505309547813126,0.0,450.49617622538034,448.97897007421125,450.44721227036297,449.27216272914234
2.880000000000002,-2.19549444208277,-0.0033411687477629807,17.657363902405372,6.200368629329084,0.021986406039567363,0.0,-1.8931760673161566,-0.4729363456911133,4.702546037404952,-0.08071845339695233,-0.13478585709293436,0.0,452.8708866112739,454.47820731857223,453.89113617090635,455.5490922985215
2.940000000000002,-2.309634822834865,-0.03339610717562141,17.941863874098114,6.195604130482408,0.01613917243206675,0.0,-1.9109357084416823,-0.529344111139558,4.780458977070078,-0.07862134462290263,-0.11954797164603692,0.0,451.50018807470735,452.71295946504637,451.7070890809441,451.87116252366667
3.000000000000002,-2.4246921912988317,-0.06669336526346942,18.228562916990235,6.1969819741018615,0.009757371511696533,0.0,-1.9237979907039098,-0.5804754247546969,4.776243132299472,-0.05275046090047815,-0.13056565804184594,0.0,426.44387507938666,425.48706146332967,425.6078345916647,427.81264460831704
3.0600000000000023,-2.540444968257644,-0.10338743190395877,18.51890913191045,6.193910336011857,0.0023175048217138894,0.0,-1.9338779205071166,-0.642947540726492,4.901449563735661,-0.05039442830010422,-0.13874727460969194,0.0,467.02701370198974,466.3729160619456,467.060336403439,467.2424721952923
3.1200000000000023,-2.656660032883242,-0.14394754832075282,18.81735289440542,6.191154652535593,6.28104970341613,0.0,-1.9394721982850702,-0.7092960453501732,5.046036488079651,-0.057391153337670225,-0.11835996715149363,0.0,472.78731552618115,474.34084880386087,474.24584970144275,473.7064350058562
3.1800000000000024,-2.7731789018478907,-0.18803997553415078,19.11894407348524,6.187763112567076,0.007909071061793504,0.0,-1.9453137891862613,-0.7607371927629258,5.007024247903641,-0.05582159392935935,-0.16493698004384222,0.0,419.44266577439953,415.35920969362553,417.09529418797695,417.22992602291833
3.2400000000000024,-2.8901908597772925,-0.23559634759653422,19.421607047911277,6.186396515782166,0.003956805363806382,0.0,-1.9547425731191161,-0.824567952055893,5.0814077531105655,-0.07249337060908166,-0.1928723214764605,0.0,454.83651696276206,452.5647358416688,454.47219094555413,453.1311267345275
3.3000000000000025,-3.0076609549641304,-0.2867534233037921,19.725978647808063,6.182155013804071,6.275877820064061,0.0,-1.960014926177441,-0.8810491187969929,5.064428220989196,-0.06989735195739169,-0.187876139522969,0.0,425.543893000073,425.9340774596858,424.5134673062174,424.7319964072574
3.3600000000000025,-3.1252453693725135,-0.34189600137997994,20.03499331102624,6.191824670265742,6.2727038754468545,0.0,-1.959163769378575,-0.9559353598452052,5.235403928122758,-0.030292525600323757,-0.22027485124663954,0.0,483.60019764887795,481.1179061704082,482.4571514347337,485.43655650707194
3.4200000000000026,-3.242717604238471,-0.40098865270632944,20.3502697981341,6.190919008800064,6.259475478691456,0.0,-1.9554012488319612,-1.013914166379864,5.273717673238279,-0.02096329946045788,-0.2213542197560519,0.0,444.8315807520942,444.6950024850637,443.36834140920877,444.134101689265
3.4800000000000026,-3.3598189589149583,-0.46326831835201177,20.66452163925377,6.19064321719855,6.248421867063854,0.0,-1.9471705447992542,-1.0621351292182124,5.201741252847237,-0.033084990998451386,-0.23894966974069815,0.0,408.31383020678004,406.68421486802777,409.15682164343013,408.0758379442501
3.5400000000000027,-3.4759683199216886,-0.5291586613900142,20.98202408754811,6.188654031239121,6.234073034032766,0.0,-1.9229174345926632,-1.134374532423467,5.380885845927862,-0.033310470710006895,-0.24029814499117694,0.0,486.42449643108023,486.27167324980934,486.2676225522347,486.2504037764051
3.6000000000000028,-3.590499061088036,-0.5991670980059507,21.307494391874286,6.186714550483604,6.223454205382492,0.0,-1.8937769960556072,-1.199410803537463,5.467721431434765,-0.03158862849919705,-0.2628851063610446,0.0,460.77034728977264,458.9215235098172,460.9471620457165,461.082866731527
3.660000000000003,-3.703138201720617,-0.6729835895499225,21.636856587207884,6.186833410758059,6.209358378788323,0.0,-1.8595721257273994,-1.2611127952798222,5.510860856768196,-0.0483818222660369,-0.24984899439586689,0.0,447.414333965537,448.4080153533856,448.1023762090965,446.7342650382144
3.720000000000003,-3.8137031910912973,-0.7502051320103278,21.96573607586624,6.18739866071752,6.196457976185307,0.0,-1.8248988411274627,-1.3129260583548865,5.452110569681663,-0.070017895349074,-0.23516646968304214,0.0,413.93913415014515,415.1647376277417,415.7247756958171,413.82188697301626
3.780000000000003,-3.9220477401920175,-0.8304709119969828,22.290404447659164,6.185659890951534,6.183491701085167,0.0,-1.7855793510260922,-1.3627704386589647,5.3705519802419985,-0.08844966231380645,-0.22459141906780208,0.0,406.37123359875596,407.259472714092,406.26345047395216,404.6018755587364
3.840000000000003,-4.027878768532603,-0.9136916425716357,22.6097698930524,6.194264791608672,6.170006210168982,0.0,-1.7410893175032973,-1.4107335176213622,5.275491025005081,-0.0487738950071181,-0.22628589557691436,0.0,400.09593855630857,399.88511248345674,399.1031630503803,402.70360918926514
3.900000000000003,-4.130471385446623,-0.9999556513246706,22.926606628403093,6.200317968855991,6.156443481700752,0.0,-1.6774595617806227,-1.464251428254548,5.28571681180535,-0.017126052646107393,-0.2292692196273454,0.0,435.428058141294,435.1258531883915,433.3653294573046,436.01698409178925
3.960000000000003,-4.22892192140959,-1.0893960418263269,23.244700364720458,6.201104692982799,6.144776240593959,0.0,-1.6031389887819474,-1.5170139662596223,5.317209581124497,-0.03313001106240118,-0.21459269224521207,0.0,441.35356920754685,442.51321153494854,442.6317414771379,441.3124656106984
4.020000000000002,-4.32297844573771,-1.1818434634059372,23.562816699983237,6.200417589687584,6.141251946104358,0.0,-1.5316951968111456,-1.5646376850814834,5.286724447080813,-0.04688106966050868,-0.18227403135015027,0.0,420.4290570053763,423.1772541859465,422.91008911406504,421.72302426937244
4.080000000000001,-4.4118550179165865,-1.2776304380473071,23.88465600335092,6.198817681264735,6.132038097319711,0.0,-1.429900536983438,-1.6283991533475461,5.44040966091344,-0.0359571391960846,-0.16904768607949897,0.0,478.9028464488369,479.8799829050984,480.12837668195505,480.95566111365605
4.14,-4.494308862806779,-1.3773690451647518,24.216714350389154,6.196763718115449,6.135110523191329,0.0,-1.3190293585159374,-1.6963971340404589,5.627223113255155,-0.03343491316051705,-0.21008952648842347,0.0,493.37334601579346,490.30436836341613,490.67435102484865,490.86118263776365
4.199999999999998,-4.570347368894552,-1.481095990851543,24.55833823315344,6.1947827119180126,6.122843667867816,0.0,-1.2143497748378023,-1.7613260223778253,5.75941803666044,-0.036744826371492435,-0.2048051592027222,0.0,477.2586127613329,477.622434877804,477.2036159999131,476.95044234737543
4.259999999999997,-4.6404095085181805,-1.5884446208022465,24.9043957073265,6.19628082080262,6.111614187513666,0.0,-1.120042620420307,-1.8168577606510925,5.775628295950016,-0.016831554003189995,-0.2173424729641971,0.0,443.8928286909974,442.8194393018461,441.8151668041238,443.45391130998263
4.319999999999996,-4.704344413027628,-1.6992149053669579,25.25299123766556,6.20407852554948,6.105955119607273,0.0,-1.0106039755904686,-1.8747110947218633,5.843857899186773,-0.05056399943698005,-0.24833024215229496,0.0,460.56938737690524,458.06169523728715,461.6459072266631,458.9757642082684
4.379999999999995,-4.761769846561225,-1.813258211010841,25.6044971838497,6.201102679449242,6.091377629709253,0.0,-0.902246311263057,-1.9269947246682582,5.8726175572460715,-0.048866015347132,-0.2431976607472727,0.0,448.23608539119067,448.5927918853219,448.18063879894476,448.31710386268264
4.439999999999993,-4.81266607496768,-1.9303904041666033,25.956434601165636,6.198158747634851,6.076900827700854,0.0,-0.7930299142484001,-1.977666593910839,5.858435449258622,-0.050001822553121106,-0.2483045693293969,0.0,435.72654456654675,435.2379106455053,435.10089141593073,435.0042097597317
4.499999999999992,-4.8567786856207125,-2.0506101511370973,26.30748191777239,6.196509459510285,6.071526686720791,0.0,-0.6768464947307914,-2.0298012480149503,5.8429961600875355,-0.06399038573516849,-0.21567814004487457,0.0,433.2389202414615,435.91651223585865,436.5326350462595,435.3614789597075
4.559999999999991,-4.893109759566502,-2.1742494270154578,26.66070593498401,6.1981953985433655,6.058614657912404,0.0,-0.532956843456426,-2.091288210571193,5.930411732306543,-0.0909684220161306,-0.214669926391201,0.0,467.8382598192708,467.87352112387174,469.97549343082585,467.8755658155764
4.6199999999999894,-4.9215080676846,-2.3012129952176488,27.014959543621018,6.193513325240332,6.047764836529559,0.0,-0.41271890218453783,-2.1412068413864955,5.877965575804503,-0.10189348971070517,-0.2315267072182898,0.0,425.26131158213747,423.76398589634243,425.5677353832813,424.62330725505296
4.679999999999988,-4.941189351334942,-2.4317217302748917,27.37142108465097,6.193377577582442,6.035942887168931,0.0,-0.24218675454165475,-2.209066939746094,6.0030422127269,-0.07628391751769346,-0.2169231340289167,0.0,481.4554079984483,482.51264008964046,480.5353968531679,482.46646469256785
4.739999999999987,-4.951279914062585,-2.5659946149562107,27.731778153699278,6.190232836180179,6.023454058793973,0.0,-0.09305156556542885,-2.2669452788423894,6.008391327164089,-0.09064938829095785,-0.21008527720676945,0.0,446.749671233259,447.2618086793349,446.52833510136753,445.34934892410143
4.799999999999986,-4.952039691199438,-2.7038584252227205,28.092977860849338,6.184936508709827,6.01284293693479,0.0,0.0686456930169534,-2.3289535572308657,6.030979360071347,-0.0961578349862209,-0.22680196703571326,0.0,453.46299525019447,452.07278934013124,453.7152496806243,453.2656686543545
4.859999999999984,-4.94296966699615,-2.845499312494756,28.455160387654885,6.1826435136146465,6.00026773016473,0.0,0.23480063887271016,-2.3926070958952357,6.041192816110903,-0.0768982368161472,-0.2168055950784328,0.0,450.6411737816118,451.3999741667173,449.19122502959215,450.7440403346747
4.919999999999983,-4.924620663786263,-2.990691457870487,28.814802742778383,6.178714499515339,5.994471989381651,0.0,0.37741934940279426,-2.447448859174474,5.94694161392968,-0.08724350626696567,-0.18856293534576646,0.0,415.97401378982283,418.39518022858687,415.9524227553168,415.0395351635771
4.979999999999982,-4.896394746322305,-3.139666022329773,29.17278938011376,6.173471009185638,5.985503627605869,0.0,0.5641779081949644,-2.518802451725482,5.985151947121244,-0.08783109542401224,-0.2065836490403105,0.0,461.3660192603109,459.90515925053774,460.9546434427963,460.90216388763145
5.0399999999999805,-4.85766033600189,-3.2927017118257242,29.530144642056747,6.168429489890478,5.973678427329858,0.0,0.727951910228887,-2.5827845570995107,5.926372350331968,-0.08366108237903744,-0.21614099670753092,0.0,430.3674988706598,429.5126021334384,430.76902077602676,431.11515989151053
